1787
1793
1809
1811
1823
1826
1829
1833
1835
1839
1842
1846
1857
1866
1871
1895
1896
1899
1900
1904
1915
1919
1922
1926
1933
1936
1940
1845
1952
1954
1958
1959
1981
1986
1991
2016
2022
2023
2031
2035
2053
2062
2065
2077
2083
2084
2088
2095
2123
2148
2150
2162
2165
2168
2172
2175
2178
2179
2180
2183
2184
2195
2196
2198
2258
2259
2264
2271
2290
2302
2327
2336
2347
2366
2373
2375
2376
2391
2395
2398
2399
2400
2411
2420
2425
2442
2471
2525
2537
2566
2583
2601
2613
2619
2624
2634
2637
2646
2651
2684
2735
2747
2748
2758
2766
2774
2777
2778
2786
2796
2822
2857
2863
2878
2882
2885
2902
2904
2907
2909
2933
2946
2958
2965
2972

